[7, 12, 10, 13, 13, 20, 4, 2, 19, 6] 31
[19, 13, 17, 1, 19, 16, 1, 20, 16, 12] 14
[3, 0, 16, 14, 20, 2, 5, 2, 12, 15] 13
[2, 20, 3, 4, 7, 18, 15, 12, 20, 2] 6
[19, 4, 2, 18, 2, 9, 7, 15, 12, 7] 0
[1, 1, 3, 8, 14, 18, 0, 7, 16, 16] 29
[1, 14, 11, 4, 20, 17, 12, 13, 13, 0] 22
[11, 1, 19, 16, 14, 20, 17, 16, 19, 3] 38
[1, 4, 8, 18, 3, 18, 19, 1, 8, 12] 4
[6, 7, 6, 7, 6, 16, 19, 20, 9, 19] 6
[4, 15, 1, 0, 12, 3, 8, 8, 11, 3] 31
[3, 1, 13, 15, 7, 2, 0, 11, 12, 1] 11
[19, 0, 17, 15, 7, 6, 4, 8, 1, 4] 15
[19, 19, 8, 10, 10, 8, 15, 9, 10, 1] 40
[5, 12, 12, 16, 5, 12, 9, 1, 5, 14] 14
[7, 20, 5, 17, 8, 17, 19, 1, 6, 8] 32
[13, 19, 6, 16, 10, 2, 2, 12, 11, 13] 22
[5, 14, 6, 16, 7, 17, 15, 4, 5, 15] 18
[15, 17, 1, 12, 19, 17, 4, 1, 7, 7] 33
[17, 4, 9, 3, 6, 16, 15, 9, 6, 9] 14
[16, 9, 5, 15, 0, 10, 17, 14, 8, 14] 31
[3, 13, 12, 9, 17, 2, 8, 18, 8, 2] 26
[10, 17, 3, 4, 7, 11, 10, 5, 7, 12] 40
[2, 9, 15, 20, 15, 1, 17, 8, 8, 2] 10
[13, 13, 3, 16, 4, 8, 1, 4, 8, 16] 7
[14, 20, 4, 19, 10, 0, 9, 0, 13, 18] 34
[8, 14, 0, 14, 11, 6, 16, 12, 4, 1] 21
[2, 6, 18, 16, 18, 12, 11, 17, 9, 8] 12
[12, 12, 15, 11, 3, 8, 17, 7, 10, 8] 34
[16, 10, 15, 2, 6, 11, 17, 6, 4, 4] 20
[2, 20, 2, 1, 13, 16, 11, 15, 13, 18] 0
[6, 14, 20, 12, 14, 13, 13, 7, 18, 5] 37
[3, 7, 13, 6, 12, 17, 19, 13, 13, 10] 16
[4, 16, 15, 14, 12, 7, 9, 8, 12, 10] 14
[9, 11, 4, 4, 20, 17, 3, 11, 19, 1] 25
[8, 2, 14, 12, 6, 4, 20, 12, 0, 17] 14
[0, 0, 7, 19, 13, 13, 20, 3, 8, 11] 3
[2, 1, 10, 2, 19, 16, 12, 15, 7, 8] 31
[15, 12, 11, 6, 0, 20, 18, 19, 10, 6] 24
[1, 0, 6, 0, 18, 8, 14, 10, 3, 5] 10
[10, 8, 10, 6, 5, 15, 5, 2, 0, 4] 39
[8, 18, 1, 10, 10, 4, 7, 19, 5, 11] 21
[13, 2, 18, 16, 10, 13, 19, 9, 6, 13] 40
[19, 16, 11, 3, 9, 4, 4, 3, 20, 15] 38
[6, 13, 17, 8, 16, 6, 16, 19, 6, 12] 35
[17, 15, 4, 10, 14, 12, 20, 18, 8, 13] 35
[15, 20, 5, 3, 0, 13, 0, 16, 18, 6] 40
[4, 18, 9, 13, 10, 12, 12, 1, 2, 9] 29
[7, 14, 7, 2, 3, 6, 12, 0, 4, 5] 2
[13, 15, 5, 15, 12, 20, 12, 4, 10, 1] 33
[18, 17, 2, 10, 10, 0, 4, 2, 17, 0] 4
[5, 7, 1, 10, 1, 14, 2, 3, 9, 15] 8
[1, 17, 19, 0, 12, 5, 15, 17, 18, 4] 16
[11, 8, 10, 16, 11, 10, 10, 4, 6, 0] 27
[16, 5, 11, 15, 9, 16, 9, 13, 3, 8] 16
[17, 3, 18, 13, 7, 6, 5, 19, 16, 14] 28
[6, 2, 20, 17, 3, 3, 5, 15, 13, 20] 36
[12, 11, 11, 7, 10, 11, 19, 13, 0, 19] 14
[13, 6, 12, 13, 20, 12, 12, 11, 2, 13] 37
[20, 5, 19, 18, 13, 20, 4, 7, 0, 15] 4
[4, 8, 19, 10, 14, 10, 2, 1, 0, 1] 32
[5, 15, 7, 7, 17, 9, 16, 17, 10, 2] 34
[1, 7, 8, 20, 10, 6, 17, 11, 18, 0] 39
[11, 14, 9, 14, 6, 19, 11, 13, 9, 15] 29
[4, 9, 12, 5, 0, 12, 7, 11, 11, 2] 40
[1, 14, 0, 3, 6, 14, 13, 15, 7, 11] 30
[14, 18, 3, 10, 19, 4, 17, 6, 18, 7] 37
[13, 1, 16, 17, 19, 7, 9, 15, 6, 0] 35
[2, 5, 5, 4, 3, 20, 2, 13, 10, 18] 15
[8, 8, 17, 18, 17, 2, 20, 10, 0, 11] 4
[11, 14, 10, 13, 16, 7, 1, 11, 4, 18] 34
[6, 9, 16, 17, 10, 2, 18, 16, 12, 18] 38
[12, 8, 2, 20, 4, 14, 20, 8, 11, 6] 23
[3, 15, 0, 14, 17, 2, 12, 12, 14, 14] 23
[17, 4, 11, 13, 17, 8, 4, 16, 15, 13] 26
[17, 14, 2, 2, 20, 18, 20, 12, 7, 16] 6
[4, 7, 1, 8, 6, 0, 10, 12, 17, 9] 13
[18, 5, 12, 18, 17, 16, 11, 18, 16, 9] 36
[5, 17, 6, 5, 9, 8, 15, 9, 7, 14] 26
[8, 14, 16, 12, 5, 11, 8, 9, 0, 12] 19
[7, 9, 9, 3, 8, 14, 1, 6, 0, 11] 25
[14, 5, 16, 5, 9, 10, 18, 16, 12, 12] 23
[19, 8, 16, 12, 6, 14, 13, 1, 6, 17] 7
[16, 11, 17, 7, 10, 3, 2, 13, 19, 12] 32
[12, 1, 1, 17, 20, 3, 14, 11, 11, 7] 33
[8, 4, 17, 16, 2, 0, 13, 9, 4, 13] 30
[3, 20, 11, 7, 4, 8, 17, 13, 8, 13] 9
[1, 7, 0, 9, 2, 18, 1, 6, 2, 20] 13
[8, 5, 15, 18, 18, 16, 15, 9, 13, 17] 17
[19, 2, 19, 7, 11, 13, 14, 10, 0, 14] 16
[3, 17, 5, 18, 11, 2, 8, 8, 0, 5] 32
[12, 9, 4, 20, 15, 1, 13, 13, 15, 8] 22
[8, 10, 12, 13, 18, 16, 7, 13, 5, 7] 1
[20, 2, 20, 2, 5, 2, 5, 7, 3, 1] 14
[20, 18, 17, 20, 15, 1, 6, 3, 12, 13] 14
[12, 14, 2, 11, 4, 4, 4, 9, 14, 2] 1
[2, 17, 11, 14, 17, 18, 8, 6, 9, 0] 11
[7, 10, 4, 19, 13, 7, 2, 11, 13, 10] 24
[15, 14, 14, 4, 3, 12, 20, 14, 14, 3] 36
[12, 6, 17, 7, 5, 15, 16, 5, 15, 17] 2
[14, 17, 19, 13, 9, 12, 8, 15, 15, 17] 10
[14, 13, 15, 13, 19, 1, 18, 4, 14, 16] 7
[1, 13, 4, 8, 13, 10, 11, 17, 4, 11] 25
[5, 4, 20, 13, 1, 16, 15, 1, 13, 9] 33
[2, 20, 5, 20, 2, 0, 14, 14, 1, 12] 27
[17, 4, 12, 10, 8, 19, 8, 10, 16, 19] 5
[8, 5, 2, 1, 14, 18, 12, 17, 20, 20] 4
[11, 8, 1, 2, 2, 8, 20, 16, 7, 9] 27
[19, 13, 8, 3, 8, 19, 6, 16, 17, 4] 15
[19, 13, 11, 0, 9, 14, 7, 5, 2, 13] 31
[7, 17, 20, 15, 6, 10, 1, 8, 17, 1] 30
[19, 4, 16, 11, 4, 14, 9, 18, 9, 19] 10
[7, 20, 10, 5, 1, 12, 7, 15, 20, 14] 36
[19, 2, 17, 11, 10, 20, 13, 20, 0, 0] 21
[0, 1, 4, 18, 16, 8, 15, 18, 3, 3] 33
[10, 4, 15, 4, 3, 20, 13, 8, 14, 9] 15
[7, 9, 3, 7, 7, 18, 0, 7, 18, 20] 4
[4, 9, 16, 11, 9, 7, 18, 11, 6, 6] 7
[0, 5, 9, 18, 17, 12, 8, 8, 18, 5] 13
[12, 12, 10, 11, 2, 19, 20, 12, 2, 13] 10
[9, 6, 11, 6, 13, 4, 16, 18, 8, 4] 37
[0, 12, 1, 1, 8, 18, 6, 7, 2, 8] 24
[18, 8, 8, 17, 14, 16, 16, 7, 5, 19] 34
[17, 12, 0, 20, 1, 7, 18, 5, 10, 5] 32
[12, 4, 14, 5, 11, 18, 16, 1, 16, 20] 26
[20, 16, 20, 7, 17, 1, 13, 15, 14, 9] 15
[6, 6, 9, 1, 2, 3, 16, 8, 3, 18] 24
[10, 3, 4, 0, 20, 4, 13, 19, 15, 20] 16
[13, 8, 18, 14, 7, 13, 2, 19, 6, 16] 12
[11, 14, 8, 10, 6, 13, 6, 13, 10, 11] 35
[15, 9, 8, 10, 9, 3, 14, 8, 4, 6] 14
[10, 2, 11, 19, 10, 3, 7, 10, 13, 1] 16
[2, 6, 20, 4, 13, 6, 15, 16, 16, 3] 1
[6, 6, 11, 9, 19, 12, 1, 17, 5, 13] 11
[12, 10, 13, 10, 8, 14, 14, 4, 10, 6] 24
[18, 0, 17, 10, 7, 19, 5, 14, 7, 0] 22
[6, 6, 9, 15, 17, 4, 6, 0, 16, 0] 36
[1, 16, 7, 20, 20, 18, 20, 16, 8, 0] 15
[2, 4, 17, 4, 18, 8, 5, 8, 7, 9] 22
[18, 13, 9, 13, 18, 13, 1, 14, 2, 10] 20
[4, 15, 8, 1, 13, 10, 1, 17, 8, 5] 29
[13, 10, 13, 3, 17, 4, 1, 17, 10, 13] 26
[10, 19, 17, 7, 4, 6, 12, 1, 0, 20] 34
[11, 0, 6, 18, 6, 12, 11, 8, 3, 3] 2
[20, 4, 11, 20, 9, 1, 0, 14, 7, 15] 36
[0, 16, 5, 2, 9, 5, 12, 1, 17, 10] 25
[4, 1, 9, 6, 12, 8, 15, 19, 20, 17] 2
[1, 9, 8, 19, 12, 10, 19, 15, 19, 15] 23
[4, 5, 10, 11, 12, 2, 6, 12, 12, 4] 14
[17, 5, 2, 6, 14, 14, 0, 16, 15, 4] 0
[3, 1, 13, 4, 15, 13, 13, 6, 20, 5] 23
[15, 18, 9, 7, 12, 16, 10, 13, 20, 8] 0
[2, 15, 8, 5, 14, 10, 1, 14, 14, 20] 5
[6, 17, 18, 8, 3, 11, 11, 10, 14, 12] 20
[14, 2, 20, 13, 17, 9, 18, 20, 3, 18] 4
[19, 12, 10, 1, 14, 12, 3, 17, 12, 9] 21
[10, 14, 9, 5, 4, 11, 11, 12, 16, 19] 22
[18, 14, 20, 18, 4, 8, 10, 13, 14, 17] 27
[3, 18, 17, 19, 17, 20, 15, 11, 11, 7] 33
[0, 8, 13, 19, 15, 6, 7, 3, 20, 3] 5
[16, 20, 4, 1, 19, 3, 10, 13, 6, 0] 12
[15, 13, 5, 18, 18, 12, 17, 20, 15, 6] 33
[1, 13, 15, 17, 10, 10, 20, 16, 20, 6] 5
[14, 19, 16, 6, 10, 12, 10, 12, 7, 9] 26
[0, 13, 20, 15, 6, 11, 7, 14, 19, 13] 31
[11, 19, 9, 9, 2, 4, 8, 16, 1, 12] 17
[1, 7, 7, 9, 0, 14, 19, 2, 2, 11] 2
[14, 16, 12, 0, 13, 6, 8, 0, 12, 5] 9
[17, 15, 1, 19, 11, 20, 18, 3, 4, 0] 22
[0, 4, 18, 11, 16, 5, 11, 1, 6, 15] 21
[17, 4, 18, 3, 8, 15, 19, 15, 9, 9] 10
[6, 13, 3, 11, 13, 7, 13, 12, 9, 3] 40
[12, 18, 17, 5, 3, 19, 12, 9, 2, 3] 12
[17, 3, 16, 19, 14, 10, 16, 10, 1, 12] 28
[8, 16, 20, 4, 12, 17, 9, 7, 3, 4] 14
[16, 7, 5, 18, 6, 4, 16, 6, 13, 16] 21
[16, 13, 10, 13, 20, 2, 4, 17, 18, 14] 30
[10, 9, 14, 4, 2, 10, 10, 4, 3, 15] 22
[19, 4, 1, 5, 14, 14, 5, 15, 7, 2] 29
[4, 10, 8, 2, 5, 6, 0, 7, 5, 17] 40
[11, 6, 11, 10, 16, 15, 4, 3, 16, 3] 2
[15, 10, 9, 8, 17, 2, 13, 4, 2, 15] 2
[16, 13, 9, 11, 13, 11, 7, 4, 9, 17] 33
[12, 19, 12, 6, 11, 2, 17, 7, 15, 0] 15
[19, 2, 14, 2, 19, 12, 2, 15, 15, 8] 37
[9, 9, 16, 16, 1, 19, 17, 4, 5, 9] 24
[1, 8, 5, 11, 17, 0, 9, 10, 14, 16] 29
[14, 5, 11, 19, 3, 10, 1, 14, 15, 11] 28
[18, 17, 6, 11, 2, 13, 8, 6, 11, 7] 35
[7, 19, 9, 10, 7, 2, 4, 19, 5, 1] 26
[5, 3, 8, 14, 12, 2, 5, 19, 20, 10] 9
[0, 15, 12, 1, 14, 8, 11, 1, 9, 15] 40
[7, 20, 16, 16, 15, 13, 11, 6, 20, 6] 18
[15, 3, 12, 16, 3, 0, 2, 1, 2, 10] 15
[3, 5, 15, 19, 16, 9, 18, 11, 9, 12] 39
[10, 4, 19, 15, 16, 14, 20, 11, 10, 10] 17
[4, 17, 20, 14, 5, 10, 5, 16, 12, 9] 14
[2, 19, 16, 7, 17, 19, 17, 14, 0, 2] 29
[18, 16, 15, 1, 6, 5, 7, 10, 11, 4] 4
[11, 19, 5, 20, 16, 10, 10, 18, 2, 16] 40
[18, 10, 16, 11, 12, 4, 16, 14, 5, 3] 27
[11, 13, 19, 17, 19, 2, 0, 16, 16, 5] 11
[11, 13, 13, 9, 5, 3, 19, 4, 17, 11] 38
[15, 1, 8, 18, 7, 17, 4, 13, 13, 5] 8
[15, 10, 12, 11, 11, 6, 9, 18, 11, 20] 15
[4, 1, 18, 10, 7, 10, 2, 13, 6, 5] 35
[14, 14, 5, 6, 11, 10, 19, 8, 15, 4] 17
[2, 7, 16, 16, 18, 15, 16, 18, 17, 9] 6
[5, 17, 0, 11, 13, 16, 7, 0, 18, 4] 25
[10, 12, 17, 1, 17, 1, 1, 14, 4, 13] 36
[18, 20, 5, 8, 10, 6, 4, 3, 1, 14] 3
[16, 0, 16, 2, 19, 7, 9, 3, 18, 3] 23
[10, 1, 4, 0, 14, 12, 7, 3, 12, 4] 11
[3, 19, 0, 10, 2, 6, 19, 9, 13, 8] 14
[3, 8, 10, 8, 19, 17, 12, 18, 15, 1] 37
[2, 6, 16, 1, 13, 4, 3, 12, 19, 6] 9
[3, 7, 12, 0, 4, 9, 15, 13, 1, 18] 9
[17, 17, 3, 18, 18, 12, 6, 3, 2, 1] 1
[17, 15, 6, 8, 2, 14, 6, 16, 1, 2] 34
[19, 10, 14, 20, 13, 20, 7, 20, 14, 11] 20
[20, 7, 18, 7, 20, 14, 19, 9, 14, 9] 7
[16, 4, 9, 5, 6, 15, 12, 13, 0, 0] 23
[12, 1, 19, 4, 4, 8, 12, 5, 12, 3] 22
[15, 20, 19, 5, 5, 3, 11, 10, 16, 2] 10
[7, 11, 20, 19, 8, 15, 12, 18, 5, 1] 8
[3, 8, 14, 18, 7, 4, 0, 13, 0, 10] 9
[13, 20, 7, 14, 14, 2, 12, 2, 7, 1] 23
[4, 2, 6, 18, 10, 12, 17, 8, 6, 15] 16
[8, 13, 2, 20, 6, 19, 6, 18, 11, 7] 40
[3, 7, 0, 9, 7, 12, 16, 13, 8, 2] 11
[7, 2, 8, 19, 8, 10, 18, 20, 13, 13] 17
[12, 0, 9, 12, 13, 5, 16, 17, 7, 9] 4
[0, 18, 12, 6, 13, 12, 3, 14, 17, 1] 4
[3, 12, 15, 11, 0, 3, 17, 13, 18, 3] 2
[6, 2, 18, 20, 16, 13, 10, 6, 20, 20] 13
[18, 13, 13, 15, 0, 4, 5, 5, 14, 8] 30
[11, 18, 17, 3, 14, 14, 17, 10, 0, 9] 9
[1, 14, 6, 15, 4, 9, 10, 4, 5, 5] 4
[9, 17, 0, 16, 16, 5, 0, 5, 2, 17] 12
[14, 19, 9, 2, 8, 17, 7, 14, 9, 14] 23
[18, 3, 20, 17, 10, 0, 7, 4, 0, 1] 40
[12, 5, 4, 2, 3, 4, 2, 0, 18, 6] 29
[18, 11, 20, 3, 3, 19, 10, 18, 11, 12] 32
[0, 0, 5, 15, 9, 5, 7, 14, 9, 10] 12
[18, 19, 1, 0, 12, 3, 2, 6, 14, 17] 13
[12, 3, 11, 3, 4, 7, 16, 9, 15, 20] 27
[13, 8, 1, 14, 11, 14, 10, 11, 7, 5] 0
[7, 20, 19, 8, 4, 19, 10, 14, 9, 10] 13
[5, 12, 17, 10, 7, 19, 16, 8, 17, 18] 14
[17, 10, 4, 3, 15, 17, 14, 14, 14, 9] 36
[13, 5, 18, 4, 20, 12, 15, 3, 12, 13] 18
[4, 7, 18, 10, 6, 17, 5, 7, 3, 14] 36
[4, 13, 10, 17, 5, 20, 5, 4, 19, 20] 35
[11, 6, 1, 13, 20, 19, 12, 13, 17, 9] 11
[11, 10, 14, 5, 12, 9, 10, 12, 19, 18] 23
[8, 17, 20, 19, 20, 8, 7, 20, 3, 6] 36
[20, 19, 20, 10, 2, 16, 19, 15, 0, 9] 2
[13, 2, 10, 1, 19, 0, 13, 9, 18, 16] 30
[3, 11, 15, 4, 2, 12, 6, 3, 10, 4] 13
[17, 6, 5, 2, 4, 13, 2, 15, 19, 17] 37
[15, 12, 2, 12, 11, 10, 10, 6, 10, 17] 11
[8, 19, 4, 14, 8, 8, 10, 20, 6, 10] 32
[17, 19, 3, 5, 11, 11, 5, 12, 11, 10] 34
[19, 2, 17, 12, 11, 4, 10, 19, 17, 14] 20
[4, 18, 10, 11, 11, 7, 10, 9, 9, 7] 19
[14, 18, 9, 6, 20, 15, 10, 14, 6, 13] 27
[17, 20, 14, 16, 15, 20, 6, 18, 4, 6] 38
[8, 11, 1, 2, 18, 6, 20, 2, 0, 14] 32
[15, 8, 17, 9, 11, 17, 7, 2, 16, 15] 34
[9, 2, 10, 6, 4, 19, 10, 10, 10, 9] 13
[6, 4, 6, 8, 7, 4, 11, 4, 2, 8] 9
[1, 4, 4, 0, 6, 1, 17, 1, 0, 0] 5
[1, 18, 16, 9, 8, 14, 20, 5, 18, 18] 32
[0, 8, 9, 7, 16, 5, 2, 9, 10, 0] 35
[5, 1, 16, 4, 20, 17, 14, 19, 18, 13] 24
[1, 17, 5, 20, 6, 0, 9, 11, 3, 15] 4
[16, 16, 5, 5, 4, 19, 13, 18, 9, 16] 0
[4, 9, 13, 9, 19, 17, 20, 1, 6, 13] 9
[4, 19, 5, 17, 13, 13, 5, 9, 8, 6] 28
[12, 7, 4, 14, 18, 7, 15, 12, 0, 13] 22
[8, 10, 15, 11, 15, 2, 8, 10, 12, 9] 28
[19, 19, 18, 7, 3, 0, 8, 11, 14, 20] 38
[20, 1, 20, 14, 8, 2, 5, 3, 7, 11] 16
[15, 9, 9, 5, 20, 6, 4, 8, 14, 0] 0
[7, 15, 19, 2, 4, 15, 1, 1, 5, 20] 13
[15, 6, 4, 0, 3, 13, 4, 17, 18, 11] 10
[13, 16, 3, 12, 7, 0, 13, 5, 16, 7] 11
[20, 0, 2, 19, 9, 3, 4, 17, 20, 11] 9
[5, 11, 15, 9, 5, 7, 12, 19, 11, 12] 33
[10, 16, 17, 10, 1, 12, 3, 17, 0, 9] 20
[12, 2, 12, 14, 17, 3, 3, 3, 16, 2] 12
[11, 0, 2, 19, 17, 15, 7, 7, 0, 15] 4
[4, 7, 16, 6, 17, 19, 15, 17, 14, 2] 12
[6, 6, 6, 1, 13, 12, 11, 12, 10, 0] 13
[1, 2, 8, 17, 19, 4, 17, 16, 8, 14] 10
[7, 1, 14, 1, 7, 9, 10, 19, 0, 9] 5
[7, 5, 3, 3, 0, 11, 0, 11, 12, 13] 6
[12, 15, 18, 19, 15, 7, 7, 8, 14, 10] 16
[19, 7, 10, 19, 8, 11, 14, 10, 2, 12] 7
[20, 14, 16, 7, 15, 7, 0, 5, 13, 4] 3
[8, 14, 7, 9, 13, 3, 18, 19, 20, 9] 36
[13, 10, 12, 10, 14, 18, 9, 14, 18, 1] 15
[10, 6, 6, 4, 10, 11, 12, 17, 5, 20] 28
[11, 12, 12, 15, 1, 19, 15, 0, 18, 8] 22
[10, 12, 3, 15, 8, 4, 20, 14, 14, 9] 12
[13, 9, 15, 19, 10, 8, 18, 16, 17, 7] 32
[5, 4, 13, 12, 13, 18, 4, 12, 17, 10] 7
[15, 6, 4, 13, 13, 4, 14, 4, 14, 18] 8
[13, 9, 8, 3, 8, 12, 12, 1, 10, 5] 15
[10, 18, 4, 17, 12, 4, 15, 17, 16, 16] 16
[20, 6, 17, 15, 4, 11, 16, 15, 2, 19] 20
[8, 0, 20, 3, 15, 14, 5, 3, 1, 3] 10
[2, 20, 13, 19, 10, 19, 18, 6, 7, 11] 39
[0, 10, 13, 4, 6, 20, 19, 3, 14, 2] 11
[1, 15, 16, 4, 2, 15, 19, 14, 13, 19] 18
[14, 6, 1, 8, 2, 14, 6, 10, 14, 7] 11
[11, 14, 7, 12, 10, 12, 9, 15, 4, 7] 39
[17, 9, 3, 10, 15, 12, 15, 14, 18, 16] 13
[12, 20, 16, 3, 7, 15, 11, 15, 6, 7] 31
[5, 0, 8, 13, 7, 4, 3, 4, 17, 10] 32
[13, 16, 4, 8, 14, 9, 13, 6, 19, 7] 6
[11, 9, 6, 9, 9, 5, 4, 14, 8, 19] 24
[5, 6, 2, 12, 17, 15, 5, 9, 16, 7] 38
[13, 7, 8, 5, 20, 20, 17, 19, 9, 2] 36
[16, 8, 16, 20, 11, 16, 2, 18, 18, 1] 3
[10, 6, 16, 13, 13, 4, 3, 1, 4, 1] 32
[7, 10, 16, 20, 14, 13, 5, 3, 15, 14] 34
[2, 3, 1, 4, 5, 11, 14, 2, 8, 20] 22
[17, 6, 12, 16, 7, 17, 10, 18, 17, 11] 6
[5, 7, 16, 7, 6, 13, 13, 0, 19, 8] 0
[5, 18, 9, 17, 16, 2, 8, 2, 15, 15] 29
[20, 15, 8, 12, 9, 15, 15, 10, 19, 11] 17
[4, 11, 1, 0, 12, 12, 1, 18, 8, 5] 27
[20, 8, 0, 17, 9, 0, 6, 0, 1, 10] 24
[5, 10, 8, 15, 3, 0, 1, 5, 16, 16] 31
[4, 9, 6, 16, 5, 14, 16, 0, 11, 7] 20
[2, 19, 4, 4, 9, 1, 9, 9, 1, 9] 28
[8, 3, 12, 5, 1, 20, 11, 16, 4, 12] 29
[16, 1, 10, 0, 20, 20, 15, 2, 12, 11] 29
[8, 1, 2, 1, 15, 8, 6, 0, 17, 3] 4
[9, 8, 1, 9, 12, 6, 14, 8, 14, 18] 28
[9, 10, 8, 10, 19, 0, 2, 4, 19, 10] 15
[16, 20, 8, 18, 15, 11, 9, 7, 7, 16] 5
[1, 9, 11, 0, 12, 16, 15, 19, 8, 4] 8
[17, 9, 15, 3, 5, 4, 15, 5, 14, 3] 8
[19, 0, 2, 13, 4, 2, 12, 12, 7, 9] 6
[1, 7, 17, 6, 8, 6, 20, 6, 16, 6] 5
[10, 2, 18, 6, 9, 18, 6, 9, 6, 17] 40
[17, 18, 12, 5, 2, 8, 1, 19, 20, 14] 39
[4, 5, 11, 13, 20, 9, 8, 0, 16, 10] 5
[8, 2, 10, 4, 14, 19, 20, 20, 6, 12] 40
[9, 2, 13, 18, 20, 17, 9, 1, 4, 9] 7
[12, 2, 20, 14, 16, 3, 8, 7, 12, 4] 3
[17, 12, 19, 2, 6, 14, 16, 9, 1, 8] 3
[1, 5, 4, 2, 8, 17, 19, 3, 0, 18] 11
[0, 4, 20, 7, 9, 5, 10, 17, 18, 3] 30
[7, 6, 5, 4, 19, 16, 8, 17, 0, 16] 25
[13, 9, 3, 4, 0, 1, 0, 3, 18, 14] 14
[2, 1, 14, 6, 17, 1, 5, 17, 10, 15] 32
[17, 14, 19, 7, 19, 5, 17, 13, 9, 16] 17
[16, 12, 3, 3, 17, 17, 9, 8, 10, 5] 23
[8, 13, 17, 3, 7, 12, 17, 5, 19, 6] 24
[18, 11, 5, 18, 15, 5, 9, 12, 11, 16] 28
[13, 7, 8, 13, 6, 10, 15, 15, 5, 11] 4
[11, 1, 13, 20, 3, 13, 8, 6, 18, 5] 15
[3, 12, 16, 6, 10, 3, 5, 8, 11, 7] 37
[13, 12, 11, 10, 3, 0, 16, 0, 2, 11] 13
[2, 1, 8, 0, 11, 9, 19, 4, 12, 6] 23
[10, 11, 18, 16, 5, 9, 12, 10, 1, 17] 12
[13, 3, 12, 9, 2, 16, 4, 4, 20, 18] 39
[17, 14, 0, 14, 16, 12, 15, 11, 4, 16] 32
[7, 15, 2, 15, 18, 9, 6, 6, 17, 6] 29
[18, 5, 1, 10, 13, 15, 13, 5, 3, 10] 13
[10, 15, 9, 0, 2, 2, 3, 8, 4, 10] 10
[6, 10, 9, 5, 4, 15, 3, 15, 20, 19] 27
[9, 7, 1, 6, 15, 2, 10, 18, 8, 9] 32
[1, 3, 10, 20, 18, 16, 11, 14, 4, 12] 18
[2, 10, 16, 4, 13, 13, 0, 10, 16, 16] 9
[0, 20, 13, 16, 2, 2, 6, 5, 0, 7] 6
[15, 12, 3, 4, 9, 10, 11, 19, 2, 3] 14
[7, 10, 0, 14, 19, 15, 8, 12, 18, 4] 40
[9, 6, 7, 14, 8, 5, 19, 15, 7, 0] 12
[6, 1, 5, 13, 15, 12, 11, 20, 12, 20] 26
[11, 9, 18, 19, 5, 3, 16, 3, 14, 11] 12
[9, 19, 18, 14, 7, 18, 10, 14, 19, 6] 11
[0, 11, 2, 10, 13, 6, 13, 7, 11, 20] 29
[1, 10, 19, 15, 3, 7, 5, 15, 5, 8] 17
[0, 9, 8, 13, 3, 0, 15, 9, 14, 0] 36
[10, 6, 11, 18, 2, 1, 17, 1, 14, 14] 13
[11, 8, 7, 11, 19, 16, 0, 4, 17, 7] 2
[7, 5, 12, 3, 7, 20, 6, 3, 20, 11] 37
[9, 20, 17, 20, 7, 6, 11, 4, 8, 9] 2
[11, 3, 13, 6, 0, 7, 12, 15, 15, 5] 11
[0, 12, 11, 19, 19, 2, 2, 16, 12, 18] 28
[9, 20, 16, 10, 16, 0, 20, 6, 3, 13] 10
[13, 0, 2, 7, 4, 4, 8, 9, 8, 9] 25
[7, 10, 8, 10, 18, 8, 6, 0, 2, 18] 25
[9, 4, 15, 18, 6, 3, 17, 15, 0, 11] 11
[4, 7, 5, 15, 11, 13, 10, 18, 3, 0] 25
[1, 11, 10, 16, 12, 3, 9, 18, 20, 15] 5
[7, 18, 10, 11, 8, 14, 16, 1, 8, 20] 30
[3, 7, 20, 15, 15, 5, 12, 3, 18, 3] 15
[8, 16, 14, 13, 3, 17, 12, 4, 6, 9] 39
[20, 19, 13, 3, 17, 12, 9, 0, 8, 18] 18
[18, 1, 5, 15, 6, 1, 1, 6, 6, 7] 14
[13, 5, 1, 9, 0, 19, 16, 2, 16, 12] 0
[2, 3, 1, 0, 11, 8, 5, 18, 18, 1] 7
[4, 11, 1, 7, 3, 19, 18, 0, 16, 12] 20
[4, 1, 10, 1, 12, 14, 12, 6, 6, 6] 14
[3, 10, 13, 19, 20, 19, 10, 4, 4, 0] 39
[10, 12, 20, 17, 12, 0, 13, 1, 10, 7] 22
[9, 2, 5, 16, 14, 17, 7, 15, 9, 19] 20
[13, 0, 14, 18, 10, 3, 7, 9, 10, 1] 10
[17, 20, 16, 6, 20, 13, 10, 19, 16, 20] 8
[3, 11, 12, 9, 7, 13, 1, 17, 6, 13] 25
[18, 4, 18, 17, 12, 15, 6, 8, 7, 17] 1
[6, 6, 13, 20, 3, 18, 19, 15, 20, 16] 37
[0, 20, 6, 17, 6, 9, 10, 11, 19, 20] 40
[10, 18, 2, 8, 14, 8, 3, 17, 1, 3] 33
[18, 9, 15, 9, 5, 20, 3, 19, 13, 14] 0
[9, 8, 20, 11, 18, 16, 6, 7, 10, 13] 33
[13, 8, 17, 6, 3, 19, 10, 0, 14, 6] 31
[4, 19, 4, 5, 8, 2, 15, 10, 3, 1] 27
[7, 19, 17, 12, 18, 11, 2, 3, 18, 14] 25
[2, 8, 14, 3, 5, 9, 20, 16, 1, 12] 2
[16, 10, 2, 4, 4, 6, 14, 15, 10, 7] 33
[8, 10, 13, 2, 1, 18, 5, 6, 20, 16] 26
[0, 10, 10, 13, 19, 4, 12, 2, 8, 19] 10
[7, 20, 9, 16, 14, 4, 10, 3, 3, 6] 14
[18, 7, 0, 2, 14, 17, 1, 1, 12, 20] 27
[9, 13, 20, 17, 13, 14, 20, 2, 20, 12] 13
[12, 11, 20, 10, 18, 17, 13, 13, 16, 14] 12
[14, 2, 3, 17, 9, 12, 14, 9, 8, 15] 33
[6, 9, 8, 13, 5, 1, 18, 2, 3, 0] 17
[5, 17, 4, 11, 13, 12, 7, 11, 6, 12] 28
[8, 19, 8, 11, 4, 4, 11, 7, 0, 0] 21
[15, 10, 4, 16, 14, 18, 7, 5, 4, 7] 24
[6, 6, 10, 10, 16, 10, 6, 6, 8, 7] 32
[18, 1, 6, 19, 15, 1, 0, 10, 2, 6] 10
[11, 9, 12, 11, 17, 13, 10, 14, 15, 3] 17
[5, 1, 1, 11, 8, 12, 3, 17, 13, 6] 23
[16, 13, 19, 1, 0, 6, 5, 4, 11, 17] 30
[5, 1, 16, 4, 15, 1, 3, 7, 5, 14] 0
[13, 2, 8, 11, 1, 11, 15, 13, 12, 5] 27
[20, 4, 19, 4, 12, 18, 9, 20, 15, 11] 13
[15, 1, 6, 7, 14, 8, 18, 4, 7, 11] 3
[0, 11, 20, 6, 2, 12, 16, 18, 4, 1] 40
[6, 13, 19, 3, 7, 11, 10, 15, 7, 9] 12
[11, 12, 7, 4, 12, 0, 16, 12, 15, 18] 29
[10, 1, 9, 15, 15, 14, 15, 12, 13, 20] 8
[10, 8, 15, 14, 2, 2, 13, 2, 11, 15] 38
[10, 15, 17, 6, 18, 2, 20, 3, 4, 14] 3
[9, 11, 10, 3, 2, 7, 17, 0, 16, 12] 7
[9, 4, 4, 3, 11, 12, 7, 7, 12, 19] 5
[6, 5, 16, 2, 16, 16, 13, 16, 17, 19] 33
[8, 11, 14, 9, 0, 0, 3, 15, 0, 14] 26
[14, 9, 9, 20, 15, 8, 16, 4, 14, 16] 32
[3, 14, 2, 14, 13, 1, 5, 1, 7, 2] 18
[4, 8, 1, 19, 14, 4, 1, 20, 12, 9] 24
[8, 6, 19, 6, 5, 5, 5, 9, 1, 9] 36
[7, 10, 16, 4, 20, 19, 16, 10, 5, 9] 23
[12, 18, 4, 1, 17, 0, 7, 18, 20, 11] 11
[20, 1, 14, 8, 6, 7, 16, 19, 12, 9] 38
[4, 9, 11, 6, 1, 1, 3, 10, 16, 3] 2
[4, 8, 19, 10, 3, 10, 14, 4, 15, 6] 26
[16, 16, 3, 20, 9, 1, 14, 14, 4, 0] 1
[1, 4, 15, 19, 10, 15, 16, 18, 14, 1] 32
[4, 5, 0, 7, 9, 19, 8, 15, 20, 11] 18
[12, 6, 16, 12, 7, 17, 11, 13, 3, 14] 32
[11, 3, 14, 20, 6, 6, 12, 7, 0, 3] 8
[6, 17, 17, 13, 4, 15, 6, 1, 20, 17] 7
[17, 11, 10, 17, 1, 1, 16, 0, 10, 6] 22
[3, 3, 4, 8, 0, 9, 8, 20, 17, 11] 13
[9, 11, 13, 5, 9, 2, 9, 1, 5, 9] 31
[8, 12, 2, 16, 19, 13, 14, 6, 16, 17] 1
[2, 18, 11, 1, 2, 10, 8, 11, 5, 12] 37
[18, 0, 3, 13, 13, 9, 17, 15, 0, 11] 3
[4, 4, 13, 11, 3, 18, 14, 13, 7, 11] 19
[1, 17, 11, 0, 2, 9, 7, 4, 19, 3] 5
[0, 16, 12, 3, 4, 20, 6, 9, 12, 16] 9
[10, 18, 18, 14, 10, 19, 14, 16, 19, 13] 7
[9, 20, 5, 14, 1, 6, 13, 18, 1, 4] 17
[13, 14, 18, 14, 14, 18, 8, 14, 10, 8] 9
[2, 7, 18, 14, 4, 9, 11, 16, 3, 20] 15
[3, 15, 0, 19, 9, 9, 12, 16, 7, 5] 14
[13, 6, 3, 16, 18, 1, 8, 11, 4, 18] 25
[1, 19, 10, 17, 0, 11, 13, 20, 6, 1] 10
[15, 15, 15, 7, 18, 15, 14, 9, 13, 16] 8
[19, 6, 4, 8, 16, 9, 11, 12, 17, 15] 20
[3, 3, 15, 14, 17, 4, 16, 10, 2, 14] 40
[0, 16, 17, 8, 4, 3, 9, 17, 20, 11] 18
[8, 4, 19, 14, 11, 7, 19, 0, 11, 13] 24
[10, 18, 1, 3, 17, 13, 12, 7, 18, 13] 33
[16, 0, 5, 20, 0, 1, 6, 8, 0, 3] 35
[2, 6, 13, 15, 12, 10, 1, 0, 5, 19] 24
[11, 15, 9, 8, 0, 15, 14, 14, 12, 1] 25
[17, 0, 7, 18, 12, 6, 6, 14, 13, 3] 0
[12, 4, 15, 2, 3, 14, 7, 6, 16, 1] 28
[4, 1, 20, 1, 9, 9, 8, 11, 20, 6] 16
[12, 10, 10, 19, 17, 1, 3, 10, 15, 8] 0
[6, 7, 10, 15, 5, 8, 4, 7, 12, 7] 23
[20, 9, 2, 1, 5, 17, 0, 5, 5, 12] 21
[4, 4, 0, 17, 20, 1, 7, 20, 0, 2] 19
[18, 8, 8, 10, 4, 12, 13, 19, 6, 14] 27
[1, 9, 8, 8, 4, 20, 7, 6, 8, 1] 24
[12, 13, 3, 20, 4, 7, 13, 17, 9, 4] 6
[16, 8, 1, 20, 1, 1, 20, 5, 9, 18] 19
[10, 10, 6, 9, 11, 6, 14, 13, 5, 1] 14
[9, 4, 7, 13, 18, 0, 19, 15, 17, 0] 27
[16, 2, 11, 8, 5, 11, 3, 2, 17, 4] 23
[0, 3, 14, 4, 0, 7, 6, 5, 12, 3] 11
[1, 11, 10, 7, 13, 7, 11, 18, 8, 4] 33
[3, 10, 9, 19, 4, 6, 2, 9, 16, 3] 39
[12, 11, 14, 2, 0, 10, 7, 10, 17, 10] 7
[9, 18, 9, 13, 17, 16, 3, 0, 9, 4] 23
[1, 18, 7, 15, 6, 6, 6, 4, 13, 8] 4
[9, 0, 2, 9, 17, 6, 19, 7, 19, 7] 24
[18, 3, 11, 20, 1, 19, 1, 19, 10, 0] 31
[5, 2, 3, 14, 9, 2, 20, 12, 0, 18] 15
[12, 2, 6, 2, 9, 18, 16, 7, 5, 5] 1
[11, 14, 18, 7, 9, 8, 4, 0, 18, 10] 34
[2, 2, 17, 4, 12, 9, 14, 6, 0, 9] 19
[20, 9, 18, 3, 18, 12, 9, 7, 7, 15] 26
[16, 19, 18, 18, 0, 3, 10, 0, 13, 19] 13
[9, 8, 9, 12, 5, 16, 2, 5, 13, 14] 37
[19, 12, 10, 2, 1, 17, 0, 8, 7, 11] 16
[10, 10, 16, 16, 6, 19, 13, 18, 0, 9] 13
[18, 18, 15, 9, 1, 13, 9, 0, 16, 14] 5
[20, 20, 5, 18, 15, 3, 13, 14, 4, 11] 8
[12, 7, 10, 18, 19, 2, 0, 20, 9, 18] 3
[2, 6, 12, 9, 11, 11, 0, 14, 18, 12] 34
[15, 12, 7, 19, 17, 8, 5, 11, 0, 8] 14
[6, 17, 15, 8, 16, 13, 5, 2, 20, 0] 6
[7, 15, 11, 14, 4, 1, 5, 10, 3, 9] 27
[11, 19, 10, 0, 3, 8, 15, 15, 10, 3] 14
[3, 13, 7, 16, 7, 17, 20, 18, 2, 3] 24
[3, 18, 18, 8, 18, 0, 11, 14, 10, 13] 27
[14, 13, 20, 12, 7, 0, 8, 5, 19, 17] 20
[9, 6, 13, 16, 5, 3, 17, 11, 12, 9] 22
[3, 15, 16, 8, 1, 17, 8, 0, 12, 1] 3
[5, 10, 2, 12, 6, 4, 4, 1, 8, 9] 20
[4, 13, 7, 20, 13, 19, 1, 1, 16, 14] 26
[16, 16, 19, 2, 7, 19, 12, 14, 9, 3] 38
[10, 15, 0, 4, 14, 12, 20, 8, 3, 10] 6
[0, 11, 20, 19, 13, 11, 6, 20, 4, 6] 26
[4, 11, 15, 19, 18, 11, 14, 8, 18, 0] 35
[12, 11, 11, 16, 8, 19, 8, 17, 14, 4] 40
[19, 9, 12, 10, 8, 17, 10, 0, 20, 0] 5
[13, 17, 11, 4, 8, 12, 15, 20, 17, 9] 17
[19, 9, 11, 1, 4, 17, 19, 2, 10, 0] 7
[14, 10, 17, 11, 1, 10, 9, 5, 11, 16] 28
[9, 4, 8, 6, 14, 17, 17, 12, 7, 9] 32
[11, 3, 20, 0, 17, 15, 14, 10, 6, 5] 2
[7, 16, 2, 17, 5, 11, 0, 12, 2, 10] 24
[8, 5, 5, 4, 11, 9, 0, 19, 2, 9] 24
[2, 7, 18, 2, 10, 7, 20, 9, 16, 12] 14
[14, 7, 10, 8, 17, 9, 5, 5, 9, 12] 10
[20, 12, 1, 11, 11, 10, 8, 18, 14, 12] 20
[8, 18, 3, 1, 5, 13, 5, 4, 11, 12] 12
[5, 0, 9, 11, 16, 3, 6, 8, 18, 10] 25
[10, 8, 15, 8, 20, 14, 16, 4, 15, 13] 22
[7, 2, 1, 5, 4, 9, 7, 7, 0, 20] 32
[15, 6, 2, 19, 6, 18, 12, 12, 12, 13] 20
[6, 1, 2, 19, 5, 5, 17, 12, 1, 4] 34
[2, 11, 20, 5, 10, 5, 18, 5, 3, 2] 21
[5, 1, 15, 6, 19, 17, 7, 18, 7, 7] 26
[12, 3, 7, 15, 14, 4, 14, 7, 3, 1] 24
[17, 10, 8, 2, 8, 17, 3, 13, 2, 19] 2
[0, 12, 4, 16, 11, 0, 6, 9, 15, 18] 32
[19, 14, 20, 13, 8, 3, 17, 7, 13, 1] 28
[1, 5, 20, 13, 2, 5, 16, 0, 14, 15] 4
[16, 3, 8, 2, 11, 10, 2, 10, 6, 10] 18
[14, 12, 11, 14, 4, 13, 19, 10, 11, 6] 24
[7, 11, 8, 17, 20, 0, 15, 8, 9, 1] 1
[3, 20, 14, 15, 12, 9, 17, 0, 0, 1] 24
[19, 0, 11, 10, 15, 6, 10, 17, 11, 18] 13
[13, 18, 5, 3, 6, 6, 16, 7, 1, 3] 19
[5, 1, 14, 1, 8, 16, 13, 8, 6, 16] 34
[17, 14, 9, 0, 16, 15, 5, 20, 15, 11] 32
[11, 12, 6, 11, 8, 7, 18, 11, 5, 5] 3
[18, 15, 16, 16, 9, 15, 20, 13, 18, 18] 11
[2, 15, 8, 18, 2, 20, 1, 13, 13, 12] 6
[12, 13, 4, 0, 19, 1, 1, 0, 1, 8] 21
[11, 3, 0, 17, 2, 5, 8, 13, 13, 14] 40
[8, 14, 9, 14, 10, 5, 7, 15, 9, 17] 32
[3, 18, 4, 12, 19, 19, 7, 14, 1, 13] 4
[4, 15, 5, 9, 3, 17, 17, 4, 1, 14] 15
[12, 6, 13, 0, 10, 1, 8, 18, 12, 2] 19
[4, 18, 10, 18, 0, 17, 2, 0, 17, 4] 25
[7, 18, 18, 5, 0, 18, 17, 11, 14, 1] 16
[13, 8, 10, 9, 18, 18, 3, 20, 15, 13] 21
[19, 14, 8, 17, 19, 12, 8, 3, 15, 19] 9
[7, 7, 10, 18, 10, 14, 12, 13, 8, 0] 31
[0, 7, 5, 4, 14, 5, 6, 7, 16, 13] 5
[15, 8, 17, 16, 0, 4, 3, 3, 15, 1] 4
[0, 17, 16, 15, 1, 12, 4, 13, 18, 15] 25
[5, 19, 1, 8, 19, 19, 13, 18, 11, 11] 2
[14, 17, 17, 17, 15, 20, 1, 20, 13, 8] 23
[14, 13, 5, 18, 3, 20, 8, 20, 16, 13] 8
[4, 19, 16, 19, 4, 17, 20, 6, 14, 14] 12
[7, 9, 9, 8, 17, 16, 9, 1, 4, 0] 36
[12, 7, 14, 18, 3, 16, 5, 17, 5, 4] 0
[3, 3, 0, 18, 14, 17, 18, 15, 3, 19] 25
[3, 7, 10, 19, 18, 18, 14, 10, 3, 17] 11
[12, 11, 0, 4, 6, 3, 5, 11, 18, 18] 38
[3, 7, 8, 12, 13, 18, 18, 9, 7, 10] 20
[15, 1, 7, 8, 13, 9, 8, 6, 15, 5] 6
[2, 13, 7, 3, 9, 12, 13, 0, 9, 16] 31
[6, 5, 20, 2, 16, 17, 3, 7, 3, 13] 22
[4, 8, 8, 19, 11, 14, 15, 8, 11, 4] 20
[11, 20, 0, 6, 10, 19, 15, 17, 1, 12] 38
[12, 2, 7, 15, 11, 20, 5, 1, 19, 9] 9
[5, 18, 3, 8, 4, 9, 3, 18, 15, 9] 26
[20, 19, 10, 4, 15, 5, 15, 6, 18, 6] 0
[2, 13, 9, 17, 0, 16, 11, 5, 5, 8] 25
[0, 5, 19, 7, 6, 0, 18, 20, 9, 19] 18
[14, 0, 6, 19, 17, 0, 15, 3, 9, 9] 3
[5, 14, 13, 19, 0, 12, 11, 12, 4, 9] 31
[12, 20, 14, 2, 9, 1, 17, 3, 1, 6] 37
[2, 2, 17, 10, 9, 17, 0, 2, 3, 12] 0
[6, 0, 4, 3, 3, 0, 2, 3, 10, 16] 34
[15, 14, 14, 10, 1, 5, 12, 0, 19, 20] 13
[4, 1, 7, 6, 19, 5, 8, 2, 6, 12] 10
[8, 5, 0, 10, 14, 1, 7, 6, 12, 3] 38
[4, 12, 17, 13, 1, 2, 14, 6, 11, 2] 10
[2, 4, 18, 20, 18, 17, 13, 9, 11, 17] 0
[16, 6, 8, 2, 16, 19, 3, 1, 15, 0] 1
[17, 1, 3, 3, 1, 18, 14, 19, 1, 15] 27
[5, 6, 13, 19, 15, 16, 5, 14, 16, 12] 17
[5, 16, 1, 2, 16, 2, 10, 12, 14, 11] 23
[5, 17, 8, 5, 0, 4, 6, 8, 20, 14] 11
[5, 2, 16, 4, 20, 12, 3, 19, 7, 3] 38
[19, 19, 1, 17, 18, 2, 4, 8, 0, 14] 17
[13, 20, 14, 10, 18, 8, 5, 7, 14, 19] 14
[16, 13, 18, 4, 2, 12, 1, 3, 3, 17] 30
[5, 1, 5, 6, 18, 2, 10, 14, 16, 3] 9
[16, 2, 10, 12, 12, 3, 10, 6, 19, 15] 5
[10, 1, 0, 12, 14, 20, 17, 20, 11, 8] 21
[11, 2, 15, 16, 11, 15, 4, 14, 14, 17] 25
[18, 13, 1, 9, 9, 20, 6, 2, 17, 10] 39
[3, 12, 20, 11, 18, 14, 18, 0, 14, 5] 19
[5, 20, 19, 12, 9, 1, 9, 7, 12, 20] 36
[13, 13, 4, 19, 16, 16, 20, 8, 2, 7] 32
[3, 16, 0, 19, 9, 19, 1, 8, 13, 10] 31
[14, 15, 17, 13, 8, 13, 14, 12, 9, 11] 11
[14, 10, 16, 14, 8, 10, 19, 14, 4, 18] 18
[19, 12, 20, 9, 5, 10, 11, 5, 8, 5] 28
[20, 12, 0, 4, 11, 1, 15, 15, 17, 17] 13
[1, 11, 18, 2, 1, 11, 20, 18, 2, 6] 38
[20, 18, 3, 2, 14, 1, 11, 12, 8, 12] 31
[14, 12, 18, 8, 8, 2, 14, 14, 20, 2] 14
[20, 20, 12, 9, 11, 13, 6, 11, 8, 16] 3
[12, 14, 14, 0, 7, 18, 0, 17, 12, 10] 5
[6, 12, 1, 17, 9, 18, 17, 7, 10, 16] 28
[6, 3, 17, 0, 14, 10, 11, 10, 5, 3] 29
[16, 16, 19, 16, 12, 18, 10, 19, 11, 9] 4
[7, 5, 1, 18, 17, 4, 5, 0, 19, 1] 37
[3, 4, 0, 16, 12, 3, 3, 10, 12, 14] 16
[4, 10, 2, 5, 17, 6, 20, 9, 2, 18] 6
[19, 15, 7, 6, 3, 9, 20, 15, 7, 7] 2
[9, 20, 2, 15, 20, 12, 6, 6, 14, 13] 17
[16, 4, 14, 14, 16, 14, 6, 3, 0, 16] 12
[19, 14, 0, 7, 20, 10, 17, 6, 3, 11] 40
[13, 12, 18, 0, 13, 12, 10, 3, 20, 5] 14
[16, 15, 9, 5, 19, 3, 9, 18, 4, 7] 5
[17, 2, 16, 10, 13, 7, 1, 19, 14, 12] 4
[19, 2, 6, 9, 0, 1, 7, 7, 6, 12] 39
[17, 0, 6, 0, 2, 14, 8, 14, 10, 8] 36
[0, 9, 5, 13, 16, 9, 20, 13, 11, 18] 32
[5, 7, 1, 2, 2, 10, 3, 20, 1, 9] 32
[18, 11, 9, 4, 17, 18, 1, 0, 18, 3] 4
[19, 3, 19, 17, 7, 2, 18, 13, 15, 6] 27
[17, 0, 9, 0, 12, 11, 14, 19, 1, 2] 11
[14, 8, 17, 6, 12, 7, 8, 2, 17, 20] 30
[20, 11, 9, 18, 9, 0, 16, 18, 9, 11] 29
[2, 9, 2, 15, 2, 18, 17, 9, 12, 2] 19
[1, 9, 7, 19, 6, 4, 15, 0, 19, 6] 11
[3, 10, 11, 16, 17, 14, 7, 16, 19, 11] 0
[17, 15, 13, 19, 14, 17, 11, 17, 6, 1] 6
[8, 20, 2, 1, 20, 6, 12, 1, 11, 7] 16
[6, 0, 13, 7, 12, 4, 12, 14, 14, 17] 25
[11, 12, 14, 2, 12, 0, 17, 8, 3, 11] 22
[10, 12, 0, 3, 20, 17, 16, 8, 3, 4] 36
[0, 16, 12, 12, 6, 3, 16, 13, 16, 17] 4
[12, 13, 20, 13, 5, 19, 8, 0, 18, 10] 36
[13, 3, 6, 7, 17, 8, 14, 20, 9, 11] 0
[16, 18, 1, 4, 20, 6, 18, 2, 1, 4] 4
[12, 13, 5, 2, 16, 4, 12, 15, 11, 9] 27
[6, 4, 11, 0, 11, 19, 19, 5, 17, 9] 0
[14, 6, 18, 11, 14, 19, 18, 19, 9, 2] 8
[1, 6, 1, 16, 4, 15, 1, 3, 5, 8] 18
[11, 18, 3, 17, 11, 12, 19, 4, 16, 10] 19
[4, 16, 11, 15, 1, 9, 15, 2, 13, 14] 28
[12, 0, 0, 3, 3, 20, 0, 4, 20, 16] 35
[13, 2, 17, 7, 3, 1, 18, 6, 7, 12] 27
[19, 14, 17, 0, 5, 18, 5, 10, 19, 2] 19
[11, 16, 12, 7, 17, 5, 8, 9, 3, 9] 24
[18, 12, 15, 12, 6, 10, 17, 20, 9, 14] 21
[14, 0, 2, 8, 12, 11, 9, 20, 1, 18] 5
[14, 15, 20, 0, 6, 6, 16, 1, 2, 19] 20
[4, 8, 0, 20, 17, 11, 6, 19, 5, 3] 13
[18, 5, 8, 4, 14, 18, 8, 9, 10, 11] 20
[7, 20, 7, 0, 12, 3, 11, 11, 10, 19] 27
[14, 3, 18, 1, 20, 2, 16, 11, 2, 16] 1
[14, 20, 16, 11, 8, 4, 5, 10, 11, 1] 4
[17, 4, 19, 11, 7, 7, 2, 11, 11, 5] 28
[16, 10, 7, 20, 4, 4, 11, 9, 13, 9] 34
[5, 13, 8, 18, 17, 19, 6, 11, 9, 17] 32
[10, 17, 1, 20, 14, 5, 12, 2, 18, 14] 3
[19, 10, 9, 12, 11, 9, 20, 3, 14, 2] 1
[20, 20, 4, 20, 18, 18, 9, 3, 7, 13] 39
[4, 4, 20, 15, 2, 10, 19, 12, 0, 10] 5
[4, 0, 18, 17, 14, 9, 15, 6, 17, 4] 29
[17, 14, 12, 4, 2, 17, 11, 8, 14, 5] 10
[1, 17, 16, 0, 5, 18, 8, 0, 3, 11] 6
[7, 16, 2, 13, 16, 12, 12, 15, 10, 8] 9
[20, 9, 15, 4, 4, 8, 18, 7, 3, 5] 31
[13, 10, 6, 1, 7, 5, 4, 8, 6, 20] 8
[6, 7, 8, 14, 9, 14, 16, 16, 18, 11] 29
[12, 10, 14, 16, 7, 2, 14, 16, 20, 17] 22
[16, 20, 9, 5, 12, 3, 6, 20, 8, 1] 28
[4, 16, 7, 1, 0, 15, 0, 12, 4, 18] 16
[6, 1, 11, 2, 7, 16, 2, 8, 20, 12] 24
[1, 19, 3, 11, 19, 15, 16, 15, 5, 20] 28
[19, 17, 4, 14, 18, 4, 9, 12, 6, 14] 3
[13, 11, 14, 16, 19, 3, 16, 6, 19, 18] 36
[19, 8, 7, 13, 7, 13, 3, 15, 19, 5] 25
[11, 9, 10, 9, 9, 18, 0, 7, 17, 16] 1
[19, 0, 4, 4, 0, 1, 7, 2, 3, 8] 34
[7, 8, 17, 0, 0, 14, 4, 12, 19, 14] 6
[4, 4, 20, 14, 0, 13, 19, 20, 10, 13] 17
[4, 16, 20, 0, 10, 19, 12, 7, 4, 18] 40
[10, 12, 6, 19, 2, 1, 19, 7, 17, 14] 11
[8, 19, 11, 7, 15, 1, 13, 6, 4, 1] 31
[14, 16, 15, 7, 14, 1, 14, 2, 8, 6] 15
[18, 3, 9, 19, 13, 13, 6, 18, 16, 13] 12
[19, 20, 18, 19, 11, 4, 11, 7, 11, 9] 33
[13, 8, 19, 10, 5, 13, 16, 19, 10, 13] 33
[15, 8, 13, 1, 2, 8, 10, 6, 13, 5] 10
[4, 5, 12, 10, 3, 10, 19, 7, 2, 6] 30
[9, 10, 11, 10, 12, 12, 6, 8, 12, 12] 12
[14, 16, 16, 3, 10, 1, 2, 15, 0, 7] 9
[9, 16, 14, 8, 10, 20, 17, 17, 3, 13] 33
[11, 2, 14, 2, 9, 1, 16, 11, 6, 9] 33
[15, 6, 2, 20, 11, 15, 6, 19, 2, 11] 9
[7, 2, 18, 5, 17, 1, 3, 12, 17, 5] 12
[18, 12, 15, 12, 4, 17, 15, 8, 16, 1] 25
[9, 17, 17, 1, 9, 9, 1, 7, 3, 19] 36
[18, 3, 12, 0, 4, 6, 16, 8, 8, 17] 37
[8, 3, 8, 10, 15, 6, 11, 1, 18, 6] 25
[16, 2, 2, 18, 3, 4, 16, 15, 2, 1] 17
[5, 7, 1, 14, 16, 7, 7, 8, 3, 18] 19
[7, 4, 13, 13, 2, 7, 20, 15, 5, 4] 33
[1, 4, 14, 9, 2, 11, 15, 12, 8, 14] 3
[1, 7, 12, 10, 14, 20, 2, 8, 11, 5] 15
[6, 9, 11, 0, 4, 7, 12, 5, 3, 11] 26
[3, 1, 11, 4, 4, 14, 6, 17, 20, 13] 40
[8, 1, 8, 14, 20, 20, 19, 1, 16, 3] 16
[20, 16, 7, 17, 12, 11, 10, 11, 4, 19] 30
[15, 10, 2, 6, 17, 3, 18, 19, 4, 15] 18
[2, 9, 18, 12, 18, 9, 20, 6, 10, 3] 4
[17, 17, 2, 9, 9, 20, 3, 4, 13, 13] 19
[17, 18, 3, 13, 4, 15, 6, 6, 18, 19] 2
[18, 2, 18, 2, 10, 18, 1, 4, 4, 18] 30
[20, 17, 2, 18, 5, 11, 13, 5, 3, 7] 3
[14, 14, 9, 20, 20, 14, 15, 7, 3, 20] 32
[3, 1, 2, 14, 7, 4, 9, 17, 13, 6] 1
[1, 19, 9, 8, 10, 6, 11, 19, 20, 1] 29
[4, 10, 2, 5, 12, 10, 16, 0, 9, 15] 5
[7, 1, 16, 8, 16, 20, 5, 10, 8, 14] 10
[10, 2, 18, 20, 15, 7, 6, 12, 4, 6] 20
[19, 20, 20, 0, 2, 11, 17, 7, 12, 20] 27
[9, 16, 6, 0, 3, 11, 10, 5, 2, 12] 18
[6, 14, 19, 17, 12, 13, 2, 14, 14, 3] 38
[19, 3, 14, 10, 3, 1, 14, 11, 2, 8] 31
[2, 4, 5, 7, 10, 7, 11, 5, 8, 18] 34
[13, 14, 17, 1, 2, 15, 17, 11, 18, 13] 9
[8, 7, 1, 12, 19, 13, 7, 5, 12, 0] 12
[3, 16, 15, 18, 14, 6, 0, 19, 2, 6] 26
[0, 14, 19, 0, 6, 16, 6, 16, 7, 4] 25
[6, 10, 3, 15, 5, 11, 16, 2, 0, 8] 26
[18, 13, 4, 4, 16, 6, 12, 8, 7, 6] 21
[20, 12, 10, 15, 10, 5, 1, 5, 0, 8] 38
[2, 11, 3, 13, 0, 8, 9, 13, 8, 13] 31
[12, 0, 3, 7, 1, 7, 2, 18, 2, 15] 37
[15, 17, 1, 9, 14, 1, 4, 13, 13, 10] 36
[4, 20, 0, 17, 5, 13, 2, 17, 9, 18] 39
[6, 6, 0, 14, 17, 13, 16, 9, 7, 17] 25
[17, 13, 11, 13, 9, 4, 13, 14, 5, 2] 35
[12, 10, 5, 11, 20, 18, 11, 13, 0, 12] 35
[8, 14, 17, 2, 7, 7, 1, 18, 7, 6] 10
[11, 3, 12, 11, 20, 5, 9, 5, 17, 10] 31
[16, 10, 9, 8, 0, 3, 13, 8, 5, 9] 14
[1, 3, 8, 1, 3, 12, 17, 19, 8, 9] 14
[7, 2, 11, 14, 17, 3, 18, 8, 11, 11] 23
[8, 20, 16, 16, 9, 18, 1, 11, 2, 11] 34
[17, 15, 1, 6, 8, 20, 12, 4, 6, 10] 24
[18, 16, 18, 13, 17, 10, 10, 16, 12, 17] 31
[2, 19, 5, 6, 18, 5, 2, 4, 17, 4] 1
[15, 12, 15, 8, 11, 17, 10, 10, 16, 17] 31
[12, 11, 1, 2, 1, 1, 7, 9, 0, 14] 2
[16, 17, 6, 9, 13, 8, 2, 3, 18, 0] 29
[19, 13, 4, 6, 1, 12, 14, 0, 14, 11] 22
[14, 0, 9, 1, 3, 8, 4, 20, 3, 1] 24
[6, 20, 15, 2, 11, 3, 17, 11, 18, 3] 32
[8, 12, 15, 6, 9, 11, 4, 12, 5, 7] 31
[20, 12, 0, 6, 11, 14, 12, 19, 15, 9] 26
[2, 0, 20, 6, 19, 8, 9, 17, 18, 5] 31
[13, 3, 16, 12, 7, 13, 7, 10, 16, 7] 12
[17, 6, 2, 15, 15, 11, 11, 5, 7, 5] 37
[8, 3, 0, 6, 3, 13, 7, 7, 12, 15] 35
[4, 4, 13, 20, 3, 15, 17, 4, 8, 15] 22
[9, 15, 20, 1, 16, 16, 13, 19, 7, 14] 13
[2, 3, 14, 9, 13, 2, 10, 13, 17, 12] 33
[5, 18, 13, 11, 20, 10, 20, 5, 13, 0] 35
[0, 17, 11, 8, 3, 0, 10, 18, 3, 8] 34
[12, 15, 13, 13, 15, 12, 7, 4, 15, 5] 13
[9, 18, 20, 7, 18, 1, 4, 8, 0, 19] 19
[16, 12, 7, 11, 12, 5, 11, 1, 16, 17] 11
[20, 9, 12, 0, 11, 8, 15, 6, 19, 20] 0
[3, 4, 10, 4, 5, 18, 15, 5, 3, 12] 33
[18, 16, 6, 16, 12, 16, 7, 13, 6, 11] 12
[20, 16, 10, 6, 17, 6, 5, 17, 0, 18] 23
[1, 2, 12, 18, 13, 1, 11, 17, 13, 3] 34
[18, 9, 5, 15, 0, 17, 11, 2, 12, 7] 17
[4, 8, 6, 12, 20, 0, 7, 2, 16, 12] 25
[2, 4, 0, 7, 20, 14, 10, 16, 19, 11] 13
[19, 3, 11, 8, 9, 10, 14, 15, 15, 9] 32
[16, 17, 15, 15, 9, 20, 10, 17, 17, 8] 30
[1, 5, 17, 16, 11, 2, 5, 12, 0, 17] 37
[4, 1, 19, 9, 2, 18, 5, 8, 16, 14] 29
[1, 14, 13, 12, 19, 8, 1, 1, 18, 5] 21
[18, 18, 1, 8, 8, 10, 6, 5, 6, 9] 5
[12, 17, 19, 10, 18, 10, 17, 9, 10, 17] 28
[1, 5, 14, 12, 17, 1, 20, 8, 16, 16] 20
[9, 19, 20, 0, 12, 10, 13, 7, 0, 16] 19
[4, 13, 15, 3, 4, 19, 5, 7, 1, 8] 18
[1, 16, 15, 6, 18, 9, 5, 1, 14, 8] 4
[5, 19, 10, 2, 20, 12, 4, 6, 9, 19] 18
[2, 10, 19, 12, 15, 1, 9, 9, 11, 14] 30
[13, 6, 6, 8, 18, 9, 17, 10, 12, 14] 9
[13, 20, 8, 18, 19, 20, 1, 8, 3, 2] 11
[9, 17, 2, 9, 2, 8, 1, 10, 20, 11] 29
[15, 12, 13, 0, 19, 20, 18, 2, 0, 7] 34
[16, 16, 20, 0, 17, 9, 4, 17, 14, 7] 33
[8, 9, 3, 19, 11, 4, 19, 11, 16, 0] 37
[5, 13, 11, 15, 12, 9, 3, 8, 2, 4] 5
[18, 2, 1, 7, 9, 5, 6, 5, 6, 0] 38
[17, 5, 4, 2, 19, 4, 6, 4, 13, 2] 25
[11, 8, 3, 10, 15, 1, 0, 10, 8, 8] 8
[18, 19, 19, 20, 7, 15, 20, 18, 8, 4] 34
[17, 0, 15, 16, 8, 3, 14, 16, 14, 16] 31
[4, 20, 4, 5, 19, 16, 17, 14, 3, 17] 6
[9, 13, 11, 12, 9, 1, 17, 4, 1, 13] 3
[19, 2, 0, 1, 4, 14, 20, 1, 15, 16] 18
[17, 8, 20, 8, 19, 17, 15, 2, 5, 8] 37
[12, 15, 13, 18, 11, 17, 18, 7, 2, 2] 1
[20, 17, 15, 2, 3, 17, 6, 5, 15, 9] 34
[1, 10, 11, 11, 14, 14, 13, 4, 8, 15] 15
[12, 13, 0, 0, 13, 10, 15, 10, 0, 14] 38
[1, 6, 16, 13, 19, 18, 19, 5, 13, 17] 13
[10, 7, 2, 19, 4, 20, 16, 15, 4, 15] 30
[12, 4, 5, 16, 13, 5, 1, 0, 11, 1] 32
[8, 7, 19, 5, 8, 19, 16, 1, 13, 1] 33
[19, 3, 20, 9, 17, 19, 20, 8, 8, 5] 11
[18, 0, 19, 7, 5, 19, 12, 7, 12, 16] 10
[19, 16, 5, 12, 5, 2, 10, 14, 10, 14] 38
[20, 2, 12, 20, 14, 3, 7, 12, 14, 3] 19
[15, 3, 1, 16, 14, 14, 0, 9, 20, 14] 23
[6, 5, 1, 20, 2, 1, 6, 16, 6, 5] 5
[18, 7, 12, 11, 2, 12, 7, 13, 5, 12] 38
[12, 7, 8, 19, 6, 9, 16, 11, 20, 14] 5
[11, 18, 0, 9, 18, 4, 18, 7, 19, 4] 11
[11, 2, 4, 17, 12, 13, 18, 14, 5, 7] 32
[1, 3, 4, 17, 5, 6, 5, 7, 0, 12] 23
[11, 3, 9, 11, 11, 11, 12, 0, 20, 17] 10
[11, 13, 3, 7, 10, 17, 5, 19, 16, 20] 13
[5, 11, 20, 7, 0, 9, 8, 15, 10, 12] 6
[13, 19, 16, 12, 10, 14, 8, 0, 17, 2] 28
[6, 17, 19, 0, 9, 20, 15, 20, 19, 3] 40
[11, 1, 9, 11, 7, 7, 2, 9, 4, 0] 11
[2, 1, 6, 7, 14, 12, 15, 0, 17, 9] 28
[9, 11, 10, 8, 6, 16, 17, 4, 14, 1] 15
[9, 14, 18, 7, 7, 8, 12, 17, 5, 16] 31
[20, 6, 9, 5, 18, 10, 0, 5, 20, 16] 17
[0, 3, 3, 15, 13, 10, 19, 3, 1, 10] 12
[19, 17, 0, 2, 19, 14, 5, 17, 13, 13] 0
[14, 10, 14, 14, 19, 5, 14, 17, 11, 0] 38
[5, 12, 4, 4, 13, 12, 15, 19, 0, 20] 31
[0, 11, 3, 12, 12, 14, 2, 19, 7, 6] 19
[13, 13, 0, 0, 7, 17, 11, 6, 3, 12] 23
[20, 4, 13, 14, 4, 15, 10, 20, 1, 15] 17
[17, 8, 2, 5, 8, 10, 14, 11, 10, 18] 31
[16, 12, 16, 16, 12, 4, 9, 8, 0, 5] 29
[3, 3, 19, 7, 12, 10, 5, 3, 17, 3] 3
[1, 17, 20, 3, 3, 12, 2, 10, 19, 17] 9
[11, 11, 15, 7, 6, 3, 1, 9, 17, 1] 38
[9, 10, 14, 18, 18, 19, 0, 3, 11, 16] 40
[5, 19, 10, 19, 2, 1, 20, 5, 12, 19] 2
[14, 13, 14, 0, 7, 11, 11, 11, 1, 2] 18
[12, 10, 19, 19, 7, 17, 10, 4, 10, 9] 36
[18, 2, 4, 4, 2, 20, 19, 4, 13, 1] 2
[12, 7, 8, 16, 3, 1, 15, 10, 11, 17] 20
[3, 1, 16, 0, 15, 2, 11, 0, 1, 5] 7
[9, 6, 3, 10, 17, 18, 7, 12, 0, 5] 23
[9, 19, 11, 6, 0, 19, 20, 8, 7, 7] 20
[3, 18, 11, 11, 11, 4, 4, 18, 2, 5] 6
[13, 9, 10, 1, 2, 14, 8, 1, 13, 17] 24
[19, 0, 4, 10, 9, 20, 0, 8, 19, 11] 24
[1, 10, 10, 18, 10, 12, 9, 11, 20, 5] 17
[5, 3, 10, 2, 15, 1, 6, 20, 4, 19] 14
[12, 11, 0, 5, 19, 18, 3, 15, 16, 7] 18
[19, 8, 4, 5, 8, 8, 10, 8, 11, 10] 20
[9, 14, 11, 13, 15, 4, 15, 6, 14, 6] 20
[1, 9, 4, 7, 3, 8, 8, 15, 7, 11] 2
[12, 20, 15, 4, 5, 16, 11, 19, 20, 10] 22
[19, 19, 8, 17, 5, 7, 10, 17, 5, 1] 37
[11, 4, 15, 20, 8, 9, 2, 3, 5, 14] 37
[10, 14, 19, 13, 1, 3, 20, 2, 3, 6] 6
[11, 11, 13, 0, 16, 20, 1, 2, 7, 0] 27
[0, 0, 8, 11, 10, 7, 10, 4, 5, 3] 17
[2, 14, 19, 5, 18, 19, 15, 10, 7, 14] 30
[1, 2, 2, 0, 13, 16, 3, 13, 16, 6] 10
[14, 18, 7, 10, 3, 17, 3, 14, 3, 18] 15
[5, 9, 20, 14, 5, 14, 10, 10, 2, 1] 30
[3, 11, 4, 17, 20, 15, 7, 0, 7, 0] 38
[4, 19, 9, 11, 7, 11, 7, 16, 15, 16] 30
[12, 13, 19, 4, 7, 5, 18, 16, 1, 8] 6
[14, 0, 4, 11, 9, 18, 5, 10, 2, 15] 20
[18, 19, 7, 2, 0, 9, 20, 6, 17, 4] 12
[18, 8, 7, 1, 5, 1, 18, 3, 8, 11] 1
[11, 8, 20, 13, 3, 16, 9, 6, 17, 20] 28
[7, 0, 1, 16, 19, 15, 7, 7, 20, 19] 22
[20, 2, 19, 4, 17, 20, 20, 16, 0, 12] 17
[10, 8, 7, 13, 3, 12, 3, 12, 16, 19] 7
[8, 2, 8, 14, 13, 19, 13, 0, 2, 0] 13
[18, 2, 9, 0, 9, 5, 13, 3, 3, 4] 10
[19, 12, 16, 17, 10, 11, 12, 1, 20, 18] 36
[4, 12, 18, 4, 19, 5, 17, 13, 3, 1] 4
[16, 9, 8, 19, 15, 3, 17, 5, 6, 19] 39
[5, 9, 2, 4, 11, 15, 10, 18, 7, 20] 36
[15, 15, 14, 20, 0, 15, 19, 1, 0, 4] 28
[10, 18, 17, 7, 18, 17, 16, 0, 7, 20] 31
[15, 17, 12, 2, 15, 4, 7, 16, 1, 19] 11
[20, 17, 4, 2, 8, 20, 7, 1, 2, 8] 16
[20, 11, 8, 3, 10, 2, 20, 14, 17, 18] 39
[10, 18, 4, 11, 13, 19, 8, 2, 8, 13] 9
[1, 6, 16, 17, 3, 19, 20, 12, 5, 13] 34
[1, 11, 1, 14, 2, 19, 8, 7, 5, 19] 23
[11, 12, 5, 7, 0, 15, 2, 14, 10, 0] 26
[9, 11, 10, 20, 13, 2, 11, 12, 20, 13] 37
[11, 3, 6, 17, 8, 11, 19, 14, 13, 12] 31
[20, 17, 14, 8, 11, 8, 18, 3, 9, 20] 24
[15, 17, 1, 6, 13, 17, 14, 8, 17, 0] 6
[15, 12, 6, 9, 12, 1, 5, 16, 3, 5] 35
[11, 3, 6, 13, 9, 5, 0, 17, 10, 6] 39
[15, 0, 14, 14, 2, 10, 13, 20, 3, 2] 19
[13, 1, 5, 9, 18, 14, 8, 10, 1, 7] 29
[0, 8, 8, 14, 8, 16, 6, 16, 13, 18] 24
[17, 13, 0, 18, 12, 9, 11, 19, 11, 8] 31
[5, 9, 17, 0, 1, 20, 11, 2, 4, 11] 6
[7, 6, 4, 7, 2, 10, 10, 19, 13, 12] 9
[13, 2, 9, 10, 10, 1, 13, 3, 10, 15] 22
[5, 0, 9, 2, 19, 20, 12, 13, 16, 2] 32
[7, 3, 0, 5, 19, 7, 19, 11, 2, 16] 37
[4, 3, 9, 20, 4, 6, 0, 13, 3, 9] 4
[12, 17, 13, 19, 10, 20, 8, 5, 15, 15] 20
[19, 6, 2, 2, 4, 9, 18, 20, 16, 0] 27
[8, 4, 18, 2, 8, 17, 20, 20, 12, 18] 2
[18, 16, 0, 11, 3, 17, 16, 0, 8, 20] 39
[15, 1, 1, 14, 3, 15, 3, 19, 8, 12] 19
[17, 14, 17, 3, 4, 11, 15, 10, 17, 12] 33
[13, 20, 1, 9, 19, 14, 20, 0, 18, 7] 22
[12, 7, 11, 10, 8, 9, 2, 1, 16, 20] 16
[1, 12, 15, 15, 4, 15, 7, 16, 9, 8] 33
[11, 7, 3, 18, 13, 5, 10, 0, 10, 0] 21
[13, 6, 17, 19, 0, 9, 16, 8, 10, 3] 24
[2, 8, 17, 6, 1, 11, 12, 16, 6, 7] 39
[2, 2, 12, 5, 13, 7, 2, 6, 18, 18] 13
[11, 14, 19, 5, 7, 20, 17, 5, 11, 7] 40
[1, 5, 16, 15, 11, 20, 0, 15, 7, 1] 13
[2, 1, 0, 5, 3, 3, 16, 8, 11, 15] 24
[17, 18, 11, 19, 0, 10, 9, 12, 16, 1] 16
[10, 15, 11, 18, 18, 8, 4, 14, 3, 14] 17
[7, 8, 0, 17, 0, 0, 14, 11, 13, 5] 40
[18, 2, 0, 11, 8, 3, 10, 9, 6, 7] 24
[11, 5, 3, 5, 19, 4, 4, 1, 6, 14] 36
[20, 9, 18, 20, 16, 1, 14, 4, 3, 14] 11
[4, 17, 13, 19, 9, 13, 18, 15, 2, 5] 22
[19, 11, 20, 12, 15, 3, 0, 16, 7, 3] 25
[1, 2, 18, 2, 17, 12, 10, 5, 11, 18] 12
[11, 5, 10, 6, 10, 14, 5, 8, 12, 20] 3
[8, 0, 10, 20, 16, 5, 18, 13, 7, 4] 26
[9, 10, 16, 0, 6, 10, 16, 0, 17, 6] 12
[2, 18, 9, 16, 13, 17, 6, 2, 15, 0] 20
[20, 10, 9, 9, 13, 16, 9, 20, 3, 6] 16
[5, 20, 19, 2, 12, 3, 2, 19, 1, 8] 2
[12, 1, 19, 20, 11, 19, 6, 2, 13, 15] 22
[17, 1, 14, 1, 19, 19, 2, 17, 5, 14] 31
[14, 2, 16, 8, 17, 15, 6, 14, 12, 16] 21